357.7	371.2	404.6	330.7	333.2	241.7	284.6	292.4	268.3	324.2	181.2	407.6	393	280.8	367.8	429.5	254.5	346.3	414.5	240.7	372.2
20.9	18.5	10.8	13.5	20.5	10.7	3.7	12.8	25.4	23.1	11.5	34.2	28	17.7	26.3	17.5	21.1	8.2	44.3	14.8	15.6
4.7	18.9	17.6	2.6	5.5	3.3	3.2	1.8	9.8	22.1	26.5	6.4	8.2	6.3	2.5	3.3	10.8	5.5	7.2	3.6	6.1
174.1	231.7	214.1	201.6	314.5	8.4	7.2	204.6	22.3	109.3	100.4	414	75.7	211.8	232.5	189	24.7	7.8	91.4	333.6	18.7
257	194.3	221.5	185.4	376.4	355.9	176.8	244.2	186.2	743	268.7	423.2	132.6	157	155.1	216	244.6	299.8	221.1	509.4	254.5
732.9	499.8	1092.3	923.6	287.5	137.9	1033.4	384.2	183.1	184	959.2	5835.6	755.1	150.1	604.2	585.6	153.5	225	3012.3	84.3	188.7
1.1	2.2	11.7	2.6	15.1	1.1	1.1	2.8	3.3	8.6	2	1.8	1.2	1.9	3.7	1.4	2.5	1.1	4.7	5.9	6.9
109.7	174.6	185.9	109.1	215.8	161.9	196.5	162	156.7	140.2	169.1	271.4	177.4	199.3	236.6	181	268	151.3	165.3	205.2	159.1
887.2	551.8	2038.1	653.5	2216.7	1581.3	677.5	850.3	3090.5	1054.8	2198.8	4194.9	1969.6	1006.7	767.5	354.7	13069.3	4636.9	3149.1	1024.9	807.6
1145.5	1014.9	1103.1	850.4	886.6	859.3	1228.6	1231.9	1118.3	762.1	1438.9	763.7	1382.4	1008.2	1025.9	1197	735.2	865.3	485	811.1	783
169	200.6	196.3	151.4	167.8	111.3	164.9	240.6	155.9	215.2	121.7	277.2	172.7	163.6	194	117.1	130.5	164.2	212.2	108.4	114.7
8.5	10.3	6.6	3.4	11.6	8	7.5	5.7	13.2	25.9	13.3	20.2	48.6	20.3	4.2	3.5	12.4	12.8	9.2	11.6	6.6
25.9	31.7	43.3	40.9	40.8	26.7	45.1	62	60.4	63.4	38.6	12.5	53.6	72.8	59.6	33.3	35.8	45.3	68	56.7	39.3
28	34.4	13.2	28.3	15.7	56.5	35.2	25	17.1	40.8	39.7	20.4	11.6	15.9	5.9	18.2	28.8	55	35.9	25.2	18.8
17.2	3	6	9.9	10	16.7	1.5	10	2.9	9.3	18.3	1.4	6.5	12.3	11.3	9.2	2.1	4.7	1.3	5.4	3.8
225.4	316.5	305.7	333.1	257.8	268.2	254.7	365.6	263	407.4	329.8	276.9	299.3	331.5	295.1	338.4	236.6	412.9	261.2	309.7	155
13.9	23	7.8	34.4	18.6	10.1	10	21.7	44	7	9.4	15.3	39.6	39.7	52.7	20.7	43.7	11.3	43.4	14.6	15.6
2.2	10.1	2	2.3	3.1	2.8	11.1	8	3.8	7	14.8	8.3	3.5	5.4	16.8	4.9	21.1	7.3	25.2	2.7	8.1
37.9	31.2	26.4	33.4	24.2	21.4	22	17	19	13.4	24.9	35.3	25.4	42.1	30.2	33.9	34	24	32.6	25.5	26.3
20.4	50.2	47.4	33	39.7	20.4	27.2	27.2	23.3	13.9	18	90.6	36.1	35.4	17.7	27.9	83.9	24.3	29.4	42.7	37.5
104.6	40.2	63.3	69.6	81.8	54.6	53.4	38.5	75.5	110.2	120.8	156.4	59.8	48.9	70.3	65.5	127.4	52.5	147.2	105	84.8
74.7	47.3	52.1	48.3	65.1	110.7	69	58.9	109.1	112	132	6.5	68.7	69.5	42.8	63.5	8.9	88.3	51	140.2	36.2
510.1	490.4	528.6	645.6	728.9	446.9	500.7	562.4	520.7	686.7	890.6	352.8	423.8	707.6	521.2	597.9	556.3	654.4	368.4	523.4	362.7
19.6	17.6	21.2	41.5	15.2	2	15.4	8.7	8.1	21.7	34.8	143.7	21	16.2	18.5	10.6	32	5.6	14.2	8	51.4
29.2	12.7	6.9	18.4	25.9	23.9	9.8	6.8	20	24.2	2.5	29.4	16.2	11.5	11.7	14.7	56.2	25.3	49.7	7.6	21.9
10.1	6.2	6.6	5.3	6.7	5.3	3.3	5	8.3	8.5	7.9	10.6	4.4	7.3	10	6.3	12	9.1	6.6	8	9.1
24.8	18	23.7	34.7	28.3	15.4	24.9	13.6	8.4	23.3	26.2	80.8	35.5	19.7	10.1	17.7	39.6	24.6	15.1	13.3	41.5
31.7	23.9	25.5	19.9	39.4	21.6	17.9	19.5	49	15.5	18.3	56	18.8	27	15.5	19.2	44.6	35.9	54.8	22.9	27
63.1	20.3	58.1	82.1	21.1	29.1	24.7	44	35.5	105.8	56.3	79.5	14.7	79.2	20.5	17.3	57.3	50.2	23.7	22.9	15.1
6.7	11.3	16.6	8.6	4.7	6.7	15.6	11	23.2	15.1	4.3	15.7	13.8	16.6	26.2	9.7	9.2	26.7	8.5	23.1	29.5
46	53.6	57	50.7	47.6	29.2	22.8	40.9	77.5	89.9	66.8	59.1	51.7	45.4	72.7	54	57.1	44.8	75.7	57.3	85.4
16.9	7.6	18.4	14.3	18.6	14.1	13.3	14.6	4.1	17.7	19.5	14.8	13.6	5.3	9.8	3.8	26.6	8.3	2.3	19.5	1.8
23.1	14	30.8	13.5	21.4	20.8	9.1	19.5	22.2	7.3	10.1	19.2	11.6	14.3	21.2	21	28.6	7.5	16.1	23.1	13.1
219.7	212.4	290.4	244.9	263.3	475.7	281.2	318.6	297.7	239.8	204.2	256.7	334.5	354.5	437.5	253.1	288.7	298.5	204.7	262.5	266.1
45.5	39.4	30.3	31.9	40.3	57.5	56.3	31.3	42.4	33.1	31.5	38.5	37.2	60.4	47.4	36.9	62.7	80.8	20.5	35.1	38.1
64.9	106.8	76.4	97.4	153.5	84.3	55.4	115.5	117.5	99	45.1	293.2	64.1	80.9	78.7	29.1	339.5	140.4	181.7	112.9	119.7
69.5	33.5	45.1	41.5	46.2	10.5	26.2	55.9	50.7	17.6	9.1	26.1	6.1	27.5	39.1	34.3	32.4	38.5	35.8	37.3	12.9
92.3	96.2	101.5	50.9	79.4	52.8	54.3	82.1	74.4	104.8	79.4	115.9	68	63	81.2	76.4	166.2	74	83.7	125	76.9
39.1	33.8	45.5	16.2	55.3	51.9	25.1	55.8	27.5	44.7	27.5	288.1	17.9	32.9	8.1	35.4	131	45.4	87	46.6	57.6
1.7	0.9	12.4	3.7	0.8	3.5	5	7.9	37.6	2.7	10.3	18.9	0.7	1.7	11.1	3.1	4.6	17.9	4	14.3	16.9
3.2	12.1	4.1	16.3	16.7	22.9	8.7	11.9	6.8	4.1	3.4	33.1	3.1	2.4	3.8	2.5	96.7	53.8	18	17	15.2
57.6	68.8	63.5	80.1	84.3	125.7	122.6	66.4	64.8	134.7	137.4	98.3	135	74	71.5	72.9	112	78.6	199.9	79.5	56.8
24	8.2	49	35.6	28.3	43	53	24.5	33.5	47.7	56.6	78.7	25.9	45.5	47.7	23.2	30.7	22.1	62.4	36.7	18
4.2	9.5	9.2	6.6	23.4	12.1	4.3	8.5	4.1	32.6	15	10.4	18	18.1	13	8.3	21.7	20.8	11.9	12.1	27.9
5.1	4.8	6.9	4.6	6.9	4.1	10.4	4	8.8	3.1	9.3	5.3	2.5	5.4	3.8	2.9	6.5	15.2	3	8.9	10.1
46.3	20.5	40.7	21.3	34.1	34.1	17.3	29.1	37.1	4.9	46.3	60	32.7	20.6	42.7	27.7	119.2	44.3	78.2	36.3	42.5
1.3	1.8	1.4	0.8	1.5	3.4	0.6	4.3	4.9	2.4	8.7	1.4	4	1.3	1.8	2	1.4	1.9	1	4.9	1.2
6.3	20.1	13.2	3.3	10.1	13.8	14.8	21.7	25	18.4	17.4	20.3	6.4	13.6	4.9	14.8	53.3	15.1	28	10.4	42.3
301	235.1	219.5	313.6	293.8	534.1	267.6	254.5	309.1	386.4	319.4	180.6	229.4	402.4	323.9	329.7	205.8	501.4	162.8	253.7	314.2
76.7	130.6	121.8	106.5	143.8	1.7	3.9	86.4	3.6	28.9	25.4	65.9	110.3	130	114.2	114.1	10.7	2.8	47	101.1	41.8
52.4	54	38.8	47.8	23.7	50.3	33.4	46.2	31.2	109.7	46.8	42.9	26.3	39.9	57.2	53.6	45.1	44.1	49.4	62.9	44.9
45.8	81.7	35	59.5	55.8	48.5	34.1	42.7	37.8	50.9	50.3	51.6	68.4	52.9	46.4	51.1	51.6	101.7	56	77	58.4
20.7	32.4	24	14.8	29.4	18	16.8	26.3	8.5	20.9	31.8	60.7	18.9	9.8	11.5	17.3	53.5	21.8	51.6	32.1	23.9
12.8	15	17.4	9.2	20.7	9.3	5.4	30.8	29.7	16.1	34.4	51.5	10.1	7.5	13.6	11.8	23.6	13	16.8	16.5	17.2
51.4	49.6	42.6	38.6	49.3	36.2	28.3	47	28.2	69	54.4	53.2	30.4	41	48.7	39.9	89	50	69.4	76	54.5
0.8	1	4.4	1.8	7.1	0.7	0.7	0.5	2.8	2.8	1.1	1.3	0.9	0.4	1.4	0.5	10.4	1.3	14.3	2.3	2.2
18.3	30.6	6.5	3.1	42.6	29.8	3.4	3.2	25.9	32.5	20.9	42.9	13.9	9.6	5.3	37	14.9	19.6	30	76.7	35
89.5	7.5	42.2	140.1	23.6	71.9	244.3	34.5	53.6	55.8	113.4	149.2	47.7	11.7	59.2	52.1	35.8	4	863	77.2	21.8
75.9	39.4	53.4	35.7	37.7	39	52.2	31.3	26.2	58.1	38	28.8	47.5	75.7	43.8	45.8	13.5	27.4	23.2	26.5	34
29.9	63.7	35.7	47.2	45.6	65	30.2	35.7	46.6	68.8	31.8	36.4	44.9	49.4	47.2	51.9	72.3	56	46.5	22.6	26.7
93	120.3	88.6	106.7	70.7	95.1	93.9	90	138.9	194.5	46	57	97.9	127.8	93.3	94.1	76.7	153.9	72	74.1	88
59.9	87.3	83.7	67.7	76.6	83.3	40.5	75.5	99.8	110.4	41.4	23.8	87.7	107.7	72.6	65.1	62.7	61.4	72	81.6	13.7
44.9	44	12.7	8.5	34.9	15.9	17.9	35.8	41.2	9.7	41.3	71.4	27.1	31.5	27.6	10.5	76	29	64.3	19.8	11.1
21.8	6.3	16.8	2.4	3.5	21	11.9	3.4	7.3	20.8	12.8	7	2.1	7.8	8	13.5	40.9	4.1	21.1	10.2	7.8
27.5	9.3	8	4.7	20	15.9	1.8	10.5	21.5	22.9	11.3	35	0.5	5.5	13.2	8.9	79.5	32.3	12.2	9.9	16
17.5	2.6	20.1	1.9	3.5	11.4	1.4	4.6	28.2	1.9	1.4	28.1	3.6	12.4	12.2	3	5.5	11	5	11	5
8	43.2	35	24.5	44.4	20.7	14.1	25.1	14.5	11.8	34.7	84.3	6.1	26.5	49.8	38.4	139.1	20.8	85.5	70	79.7
575.2	464.9	589.2	659.8	368.3	678.8	664.6	812.3	320.5	888.7	898	462	390.9	460	637.4	982.9	402.7	877.5	440.9	306.1	369.1
500.9	275	376.2	600.7	253.6	685.6	737.2	539.8	422	514.6	629.3	420.3	335	379.3	405.2	816.6	382.2	846.7	489.1	270.4	562.6
13.3	12.5	6.1	6.9	12.9	9	9.1	6.5	10.9	7.5	12.3	14.1	8.2	6.1	11.7	4.2	34.4	17.5	12.5	14.6	12.2
29.1	39.5	39.9	36	32.2	41.1	64.2	30.9	48.8	25	36.6	28.1	40.8	22.9	32.9	38.2	42.9	48.4	37.4	31.5	71.7
70.8	601	18.9	73.9	78.3	25.7	9.7	61.4	30	2.8	36.8	61.6	4.4	188.8	40.2	10.9	129.2	410	31.4	40.7	45.7
8	5.3	3.9	17.7	3.2	9	3.6	21.1	2.4	11	4.8	10.5	3.7	3.6	18	22	7.2	8.6	18.8	4.7	9.4
32.2	41.2	35.2	31	27.9	30.6	47.1	28.1	21.2	54.6	50.6	40.4	21.2	35.5	34.3	28.4	33	28.1	35.9	40	50.8
31.3	18.6	29.6	33.7	27.8	88.5	42.1	81.2	20	148.6	85.6	45.7	72.5	87.9	21.5	20.3	47.8	73.2	168.1	28.5	44.5
17.5	2.2	1.5	12.8	6.9	2.4	27.9	1.5	2.4	11.7	6.7	30.7	3.4	0.9	1.7	5.3	9.5	2.5	67.2	3.7	1.2
370.1	372.4	307.6	586.3	271.4	398.9	389.1	260.1	318.5	281.4	367.3	293.4	394.3	304.5	367.7	308.2	260	306.1	298.2	306.1	570.6
75.5	67.8	75.4	53.5	56.3	66.9	81.9	37.8	83.4	71.8	64.5	114.2	47.1	54.3	61.6	71	66.4	80	39.8	78.3	49.4
10.4	24.4	9	9.5	77.4	14.3	18.2	7.4	12.8	10.8	51.3	13	6	8.8	27	19.7	91.6	11.5	14	32	36.5
48.5	25.1	14.8	15.5	27.7	14.4	36.2	26.1	51.1	32.6	81.9	95.7	26.5	57.1	46.1	24.2	66.8	27.5	98.4	56.1	23.9
752.1	523	871.5	1205.6	379.9	765	829.4	603.4	398.5	845.6	865.5	462.1	821.5	914.3	881.4	1007	534.9	394.8	458.2	397.1	305.8
47.1	46.5	45.8	68.3	54.1	112	75	48.9	67.5	57.8	53.7	77.3	58.8	57.9	53.7	66	48	65.4	68.8	68.2	30.6
4.9	26.6	7.8	9.9	27.5	16.3	16.5	2.7	3.7	22.4	5.9	27.1	23.4	4.4	2.4	2.1	15.4	18.3	33.1	25.7	13
17	9.6	3.2	6.5	6.3	9.9	13.6	7.6	20.9	4.3	12.6	17.5	10.4	1.6	1.1	9.9	31.9	20.5	8.3	3.6	14.9
1.5	7.3	3	2	2	1.2	1.5	1	2.3	7.2	9.7	10.2	5.3	2	1	1.5	10.4	2.7	3.3	2.7	2.9
1.4	1.5	1.3	2.3	1.3	2.5	1.8	1.2	5.2	2.8	3.7	3.1	0.9	1.4	1.6	0.9	3.1	1.8	2.9	3.7	2.6
3.7	10.9	22.1	23.1	27.7	25.5	7.7	18.8	24.1	8.8	26.7	44	7.7	2.8	8	13.4	74.3	7.9	11.3	11.5	14.1
12.5	11.8	27.1	13	28.1	15.8	19.3	38.5	19.7	8.8	16.1	17.5	21.6	26.6	6	16.8	30.6	24.6	53.5	12.3	11.6
2	1	1.1	2.6	1.2	1.7	1.2	2.2	1.5	2.5	1.8	2.4	0.9	1.7	1.2	0.8	3.3	1	1.4	1.6	2
1233.6	1397.4	1140.6	1322.6	895.4	1319.2	1645.8	1028	908.2	992.1	936.9	1769.4	1762.4	1234.9	941.9	1102.7	703.5	1630.2	730.2	753.9	1281.3
50.6	66.2	27.5	39.6	47.1	49.2	26.8	49.8	26.1	31.6	54.3	43.2	44.8	38.4	60.7	56.5	37.1	41.6	37.2	37	30.3
48.9	65.9	65.7	26.9	76.7	46.3	37.5	62.7	78.5	87	54.1	146.9	42.4	33.5	77.9	63.1	114.7	59.6	103.8	100.2	121
3.1	3.8	7.1	3.5	7.6	6.9	3.8	5.4	5.9	4.5	8.9	6.7	2.3	6.5	14.9	7.1	7.4	4.5	10.7	24.2	8.1
664.8	704.4	520	521.5	645.7	829.3	688.4	1108.7	771.2	968.4	687	265.7	723.2	897.2	610.7	638.9	502.7	601.2	409.3	582.9	358.2
3.6	9.5	5.8	6.6	6.4	7.2	5.3	4.8	12.5	9.3	11.4	13.1	12.3	11.9	4.4	3.9	17.4	11.7	14.3	10.1	6
25.5	35.7	10.3	7.9	8.5	16.1	18.8	21.3	5.1	12.2	9.1	12	5.5	7.4	9.4	14.2	13.2	50.7	24.7	54.1	16
2.9	8.9	3.6	5.4	2.8	5.5	4.4	4.2	2.1	4.2	6.2	3.1	3.9	8.4	3.8	1.8	6.6	7.6	15.3	3.8	14.9
122.7	5.4	153.3	60.4	39.8	205.5	7.6	183	118.3	19.3	150.6	8.9	65	27.1	6	92	13.4	13.3	6.9	190.4	7.3
21	20.3	15.8	9.1	22.8	15.8	13	83.9	21.7	18.2	24	35.1	14.3	50.1	21.6	15.3	37	11.8	42.5	18.9	19.8
29.8	24.1	35.9	29.2	38.4	44	38.7	36.5	38.8	15	19.6	48.1	24.2	27.8	32	46.4	50	38.4	44	30.2	50.7
134.2	162.9	115.2	149.1	162.8	96.3	110.2	186.5	122	74.2	88.5	74.3	126.1	119.2	120.6	127.1	307.8	173.6	130.6	57.9	175.1
60.8	77.4	56	54.8	78.5	43.4	36.7	117.8	58.1	75.7	63	73.3	105.4	55.4	56.6	51.4	115.6	107.7	239.9	66	190.1
18.9	5.4	17.6	9.5	8.2	18.8	6.5	5.8	10	3.2	19.9	2.6	7.3	11.2	6.6	8.4	14.9	15.9	3.1	15.8	3.2
9.7	28.6	8.2	36.2	18.3	26.5	20.8	28	11.7	8.5	14.6	48.8	8.5	33.2	34	28.5	86.9	42.5	43.5	24.1	8.6
1	1.8	1.3	2.9	1.3	3.1	4.4	0.5	0.6	7.2	5.2	8.4	7.5	0.6	4.9	3	1.2	2.1	1.5	6.7	0.4
1187.7	1520.7	1507.9	1325.7	1507.5	1381.5	1252.1	1648.4	1455	1815.1	1410.6	898.4	1027.7	2072.8	1514.3	1511.3	912.3	1613.9	1029.8	2010.6	2177.7
1519	1178.8	993	1685.5	1629.3	2168.8	1567.5	2001.5	1158.1	2470.1	1508.8	937.9	2318.9	1869.5	1273.6	1468.5	1216.5	2133.3	377.4	1583.3	1398.2
12.1	1.3	10.8	1.8	6.7	1.9	8.6	1.2	7	28.4	6.9	7	0.9	1.6	2.2	1.7	5.1	4.2	1.6	12.2	3.5
1.4	5.9	41.3	2.7	6.5	3.5	14.8	5.3	8.4	7.8	4.2	11.8	3.9	5.6	6.8	4.3	7.4	4.9	6.6	9.2	4.3
72.8	83.1	74.9	56.3	55.4	74.4	42.4	61.6	61.6	89.7	10.4	11.9	41.2	52.8	66.3	37.4	141.5	68.8	60.8	34.6	40.7
222.9	353.6	258.3	199.9	185.6	228	235.6	263.1	288.3	235.9	280.3	79.4	200.7	256.5	191.8	225.2	127.3	276.3	233	213.7	305.6
64.4	60	72.9	75.4	62.9	63.8	32.4	57.8	64.7	81.1	26	70.9	78	69.8	65.3	61.7	106.8	45.8	31.7	80.2	64.2
93.1	118.9	89.7	92	73.8	129.9	160	85.7	69.6	101.3	49	70	81.9	61.6	85.9	114.2	73.8	107.5	67.6	70.1	42.9
8.1	1.9	2.5	2.5	1.8	2.2	10	3.1	5.4	22.4	10.1	3.9	7.1	2	3.6	3.1	9.1	2.8	17.5	3.2	5.8
63.1	76.2	64.8	101.4	89.6	108.2	82	96.1	102.1	168.5	81.2	1415	185.4	171.7	47.2	70.9	12	25.6	184.1	160.3	8.2
3531.7	1969.9	1863.6	2397.1	1432.9	1312.8	1768.8	2349.4	2271.1	1943.5	2112.7	2043.4	1990.9	2027.8	1982.3	2380.1	1713.5	2129.7	1299.4	1817.4	3404.5
1488.8	1223.2	619.6	1589.4	1209.1	1401.4	596.8	1393.4	1648.5	519.7	1129.9	462.7	915.9	1475	710.3	735.9	857.8	1117.7	808.4	1004.6	737.7
294.4	218	206	393.2	195.2	209.7	200.6	275.1	304.7	232.5	504.5	377.6	299.7	159.2	258.5	239.9	187.2	179.8	239.7	251.2	203.1
5.9	4.7	6.7	6.1	11.3	6.9	4.2	5.7	6.8	3.5	4.6	8.4	4.2	4.2	7	3.9	11.3	7.6	11.3	5.4	10.4
7	10.7	10.6	4.8	13.4	7.9	6.4	9.4	6.6	12.4	5.8	13.2	8.2	8.5	11.2	11.8	10	8	8	10	8.8
87.5	89	91.5	111.1	127	36.9	37.3	115.1	87.4	35.3	84.1	57.9	114.1	51.4	116.1	53.7	170.7	62.5	278.8	137.5	275.1
729.6	45.2	50.2	569.4	48.3	128.2	218.9	183.6	121.8	57.9	115.6	104	37.3	91.2	81	125.4	84.7	38.6	105.3	93.7	15.7
21	24.5	1	3.5	3.7	12.3	4.1	4.2	4.9	14.1	28.6	10.4	4.2	4.7	5.4	4.3	10	2.3	5.6	8.6	9.5
45.3	24.3	35.5	25.7	56.4	33.2	5.2	38.7	28.3	38.1	30.3	62.4	24	21.6	34.2	7.4	77.3	44	24.5	12.5	7.4
2.4	2.6	1.5	1.4	3.2	1	2.1	1	2.3	2.6	2.3	8.1	2.1	1.2	1.3	0.7	5.4	2	2.7	3.9	7
36.9	18.5	17.1	11.8	23.5	16.2	10.8	16.9	23.1	8.5	36.2	76.6	5.2	13.8	30.6	14	81	31.6	19.8	16	15.8
98.1	15.8	34.8	68.7	36.3	212.8	275.5	12	113.1	79.5	94.9	41.5	9.5	16	16.9	47.9	23.9	33.5	82.7	50.8	65.3
122.3	208.4	133.7	160.2	255.7	144.1	119.9	208.2	235	166.4	153.2	239.6	115.6	197.6	197.5	174.9	249.9	160.3	221.7	196.9	329.3
40.1	5.3	44	41.1	45	32.1	42.2	36	73.2	32.7	67.7	113.2	36.9	35	36.4	22.2	16.6	49.7	97.3	46.4	31.4
46.5	172.6	56.4	88	36.8	77.9	58.3	91.5	43.7	45.4	72.8	141.9	61	57.3	62.1	78.1	89.2	81.8	106	94.6	53.2
478.7	341.4	451.5	347.5	335.1	450	372.1	318.3	429.2	366.6	306	152.8	414	390.8	376.3	405.3	205.4	302.4	134.7	329.8	150.1
126.5	114.5	143.8	78.2	167.1	97.5	114.2	176	67.8	89.6	117.3	174.7	89.6	115.2	145.5	118.3	99.7	171.5	160.6	120.7	68.6
38.1	38.1	10	5.2	24.1	16.2	14.6	17	7.5	17.7	9.4	13.2	11.7	8.7	6.8	12.6	41.6	8.3	51.6	9.2	36.2
8.6	10.1	29.5	3	20.3	7.1	3.9	5.4	10.5	34.1	9.3	36.3	7.4	20.1	16.7	27.4	9.6	7.3	22.3	9.9	25
198.3	200.8	136.5	167.4	220.1	114	83.5	215.7	168.9	171.9	160.8	302.8	137.5	188.8	190.5	69.6	320.6	161.9	181.7	202.6	156.8
15.5	6.3	16.6	15.1	32.2	18	7.5	9.5	27.5	28	25.8	20.9	11.6	11.5	13.4	23.2	45.9	3.8	63.4	22.5	16.4
104.5	154.6	136.5	118.5	142.6	148.7	123.2	172.3	102.1	157.7	166.2	81.3	62.8	167.2	160.4	133.2	33.6	162.5	154.4	136.8	132.9
40.5	23.8	19.6	23.4	39.6	16	23.7	15.2	36	33.6	33.2	20.2	17.4	8	3.9	23.7	61.9	22	56.4	9.2	14.4
239	148.4	100.6	201.7	187.4	137.7	160.6	127.5	96.3	164.3	203.5	109.9	241.8	172.6	186.4	192	77.7	78.1	236.4	180.8	60.6
325.1	370.2	351.1	387.5	452.7	250.7	268.2	316.1	334.1	283.4	417.9	414.9	370.1	361.6	383.1	257.4	285.9	215.5	536.8	311.1	364.5
7.7	11	37.5	7.5	18.3	33.1	19.3	31	25.7	24	30.7	15.6	6.1	8.3	44.5	26.5	57.7	11.7	103.9	13.1	17.5
6.1	8.7	5.9	5.3	8.3	4.7	3.2	7.3	8.8	11.9	13.2	8.8	5.4	5	4.1	5.6	7.5	3.6	5	5.5	8.4
18.6	16.3	18.6	17	23.3	6.9	12.5	5.5	2	17.9	12.4	2.1	5.1	18.5	16.9	17.2	11.1	14.6	2.7	12.9	3.8
199.2	206.1	186.9	183.8	248.1	203.3	185.4	197.8	306.8	202.9	246.5	138.7	160.1	292.9	154.8	227.5	268.5	216.9	244.9	329	274.5
356.4	357	540.7	312.8	348.3	187.1	240.5	305.9	352.6	199.5	260.8	374.7	349	353	293.1	277	103	265.7	277.6	255	332.9
39.8	52.8	35.3	52.8	55.6	34.8	25.9	66	38.2	25.2	58.7	118.4	41.2	68	48.4	47.5	21.7	52.7	39	57.5	19.4
25.4	3	4.6	7	10.6	2.7	3.7	5.6	2.4	18	1.2	3.5	0.7	10.9	2.8	3.9	7.1	17.4	4.2	5.9	8.8
280.9	435.4	418.8	369.1	413.8	379.7	334	452.8	436.6	605.2	373.6	520.8	366.8	344.2	537.7	377.2	580.4	420.7	564.6	492.4	538.4
142.1	92.9	142.8	104.1	248.6	153	220.6	104.3	133.7	106.9	125	115.6	197.6	107.6	154.3	115.1	300.1	118.6	174.9	157.4	108.9
51.4	59.3	60.4	50.9	96.9	109.6	77.7	49.6	93.1	74.5	79.6	40.7	33.4	43.9	67.5	29.4	129.9	76	70.4	72.4	94.4
5.7	24.9	3.1	13.5	15.5	9.2	12.2	9.5	3.6	5.2	27.5	3.9	22.5	21.9	14.5	16.7	18.8	22.5	8.2	1.9	13.5
98.9	120.3	86.3	216.6	92.2	158.4	146.7	166.6	117.5	156.3	120.5	190.4	139.6	111.8	130.6	126.3	153.2	201.3	203.9	119.9	136.8
39.4	50.7	22.7	43.5	62.5	112.2	96.2	36.1	44.9	45.3	29.1	33.2	42.5	42.7	28	37	101.9	77.6	38.2	69.2	17.5
5.7	2.6	6.6	1.2	11.9	2.3	2.2	9.6	16.9	11.7	16.6	14.6	10.6	1.8	2.3	9.9	6.8	1.6	1.8	4.2	1.7
76.9	87.6	112.7	82.6	65.9	142.8	106.9	81.2	134.1	180	103.3	55.4	79.2	94.9	122	151.4	45.6	83.6	78	114.8	106.6
35.6	43	41.7	53.1	58	46.6	28.6	55.7	62.7	66.1	45.8	116.6	32.9	46.6	47.2	38	99.8	44.4	76.9	57.7	56.6
29.8	24.3	65.6	33.4	38.7	26.9	18.4	40.5	59.8	121.9	53.1	99.1	27.8	47.1	37.9	11.5	59.9	24.5	34.5	49.9	35
3.9	7.1	16.3	3.6	6.7	5	3.7	20	5.7	11.8	3.1	21.4	2.2	2.2	3.9	5	34.9	6.1	3.4	6.7	15.2
6.2	4.5	14	9.5	3.9	4	3.8	9.6	27.4	18.5	3.8	39.4	4.9	2	8.3	6.3	5.5	15.4	6.6	7.7	4.6
6.8	1.6	3.5	1.5	4.5	3.6	4.9	1.4	4.7	5.2	10.5	7.9	3.8	3.5	5	2.3	8.1	6.5	4.3	5.5	5.5
56.3	15.5	8	33.3	34.7	32.2	11.6	20.6	20.3	40.1	58.7	11.3	18.4	5.2	26.6	6.8	49	18.8	89.8	47.5	36.8
0.9	1.2	0.3	4.4	5.4	0.9	0.2	0.4	1.2	2.2	9.5	1.4	3	0.5	0.6	0.8	13.9	0.4	3.5	11.3	12.7
28	23.2	20.8	19.2	31.6	28.6	24.6	25.3	32	26.1	7.3	57.4	11.5	14.1	25.8	13.8	54.4	13.8	127.9	56.6	35.8
75.9	146.9	115.7	95.4	78.6	3.5	1.4	111.8	3.3	10.9	14.7	48.3	83.2	109.6	134	84.7	4.8	2.4	17.8	118.2	11.7
4.7	2.4	2.3	1.3	2.1	1.3	1.5	2.1	2.5	6.5	2.9	2.9	1.8	1.7	2.2	2.1	6.4	4.9	3.8	10.3	3.1
81.3	73.2	46	110.7	54.7	78.7	77	100.1	91.2	104.2	66.4	169	63.2	72.7	64.8	60.3	41.4	48.2	199.4	79.9	23.1
2129.4	1743	1711.3	1679.3	1497.9	1509.8	1376.2	1530.6	1264.3	880.8	1349.3	1631.9	1559	1827.5	2021.9	2045.3	944.6	1492.9	1182.5	859.6	1270
5.6	4.4	0.7	5.3	1.5	17.1	9.5	5.8	5.8	6.4	6.1	28.6	1.2	0.7	14.1	14.3	4.4	5.8	4.2	0.9	7.3
54.4	63.6	48.1	107.5	60.3	42	53.5	55.5	42.9	62.3	34.1	78.9	130.1	75	45	44.8	84.7	99.7	41.6	93.5	31
155	91.2	93.7	87.1	110.4	110.6	115.3	80.6	128	130.2	75.9	17.5	122.7	104.1	76.5	96.8	113	84.3	69.3	112.6	93.5
72.9	105	71.5	54.9	84.4	78.9	56	91.1	97.4	134	88.5	205.7	73.7	79.5	107.1	46.2	120.6	102.4	136.2	116.3	103.7
30.7	6.7	16.7	29.2	9.1	15	5.3	17.8	8.7	9.6	19.1	14.9	5.3	21.2	15.4	18.5	69.8	6.6	35.3	10.2	8.2
33.9	37.6	33.2	35.1	31.6	32.8	31.9	23.8	45.4	21.1	9.4	5.7	16.9	25.4	24.1	21.3	28.3	9.2	40.3	7.6	39.1
277.6	293.8	379	197.2	179.1	149.8	142	287.8	146.4	330.1	247.6	202.7	270	348.9	293.5	216.6	158.4	247.6	328.3	144.7	324.7
30.6	27.5	35.8	30.1	17.8	47.6	43.2	25.9	33.5	44.1	12.2	26.6	13.3	6.3	39.6	47.9	30.1	28.5	25.7	22.5	16.8
30.1	5.9	3.7	6.1	7.1	19.3	32.4	2.9	7.2	29.3	25.2	27.3	13.8	6.3	6.1	10.8	51.3	25.2	25.8	5.1	5.6
282.2	270.5	277.6	214.4	234.2	214.5	256.6	244.3	289.7	168.4	222.6	280.2	251.8	250.8	263.4	282.1	232	239.1	225.7	244.9	97.3
1936.1	1919.5	2240	1778	2135.4	2432.8	2211.8	2157.8	1195.7	1879.8	1328.5	1779.2	2802.8	2397.7	2116.5	1501.7	1630.6	2265.3	784.4	1389.3	1035.2
77.2	94	90.5	91.6	75.5	29	40.5	89.9	67.2	79.7	33.3	48.6	119.2	138.2	98.8	85	76.4	68	50.3	65.3	91.6
16.9	22.5	22.6	15.8	18.5	11.3	24.1	16.3	28.4	28.2	22.8	22.6	21.6	21	28.7	20.3	32.1	13.5	23.2	18.5	11.3
57.6	28.7	25.7	46.9	50.8	51.7	46.6	37.4	42.4	67.5	43	61.6	39.1	28.1	40.9	37.2	95.1	47.6	71.9	50.8	20.9
10.9	25.9	4.9	16.6	15.4	8.1	16.9	6.9	2.5	13.4	20.3	14	12.6	11.1	8.5	1.9	27.4	9.5	2.9	24.6	8
425.8	410.3	516.2	417.9	416.6	384.4	388.2	438.5	357	568.4	408.4	328.2	473.1	378.7	484.7	449.6	336.3	388.1	451.6	485.1	481.1
165.5	181.9	174	155.3	268	132.7	92.5	174	196.3	162.3	149.8	331.1	149.3	117.9	184.5	156.8	290.5	197.2	161	163.7	113.5
13.9	14.2	17.9	7.4	25.8	19.7	6	16.6	13.4	25.4	11.2	21.9	2.7	8.1	9.1	15.5	38.3	12.6	6.2	31.7	6
29.1	43.3	49.8	24.6	63.7	29.6	17.9	27.4	36.9	31.6	43.5	77.6	35	39	26	23.7	68.6	31.7	29.6	47.1	26.1
28.4	21.5	21.1	21.5	18.3	14.1	12	17.6	18.8	57.8	31.4	42.3	20.2	24	18	8.5	34.6	27.9	6.4	22.7	31.3
54.7	48.5	26.8	33.7	45.5	28.9	17.9	40	39.6	38	39.2	28.3	34.9	31	43	42.7	66.1	25.4	65.4	51.3	64.7
50.4	49.5	78.4	67	66.5	76.3	119.5	114	95	36.4	55.1	49.1	71.9	71.1	88.5	79.2	142.1	91.8	113.1	78.9	112.7
13.7	3.7	35.1	8.2	24.1	6.3	5.7	18.2	9	8.6	8.9	11.7	4.5	2.4	22.1	8.2	14.5	17.6	24.5	10.5	6.9
506.1	602	1505.8	1185.9	973.3	1360.4	1077.7	992.7	1325	1575	2942.4	2626.5	722	707.6	862.4	1289.6	695.9	629.8	4377.1	692.5	1226.2
1.6	2.1	4.3	2	1.4	2.3	3.3	2.3	3.9	4	3.9	3	2.5	0.8	3.4	10.1	4.8	3.8	2	3.9	1.9
14.4	12.4	0.9	1.3	24.7	9	2.1	3.5	11.1	24	1.3	12.7	2.4	9.9	14	5.9	9.6	30.3	1.7	10.3	27.5
31.5	19.2	11.8	19.6	42.6	17.2	27.3	13.7	5.7	41.3	10.9	63.4	12.9	11.3	20.4	35.4	76	26.5	40.4	45.1	49.9
22.7	15.7	31.8	22.4	43.4	31.1	13.5	31.8	24.7	43.8	25.5	62.5	24	28	29.4	23.4	93.6	38.3	54.5	39.6	47.6
26.2	21.8	30	37.9	23.8	19.9	41.5	28.5	46	12.3	20.8	17.4	20.4	23.8	27.1	40.7	6.8	36.7	22.3	23.8	5.2
1657	1100.7	822.2	1858.2	1417.4	2558.4	1487.7	1202.7	1452.2	1670.5	1384	2103.8	1091.2	1508.9	1036.1	1234.6	1247	1713.4	875.8	1239.8	486.7
43.5	31.1	45.8	20.1	51.6	56.8	44.5	18.6	85.9	66.4	115.6	32.4	39.3	54.3	39	39.2	48.2	14.6	113.4	77.8	56.8
2166.1	1783.1	1278.6	2269.9	1654.2	2929.9	1789.3	2096	2786.6	2964	2081	2294.7	1510.9	2627.5	1707.9	1887.2	1914.1	2346.1	1112.6	2314.8	945.7
9.2	49	10.2	10.6	18	7	21.1	15.5	12.3	57.5	19.1	27.3	66.2	41	35.8	13.4	15.6	9.3	12.8	19.1	10.4
12.3	6.9	13	3.9	3.9	12.3	6.5	14.8	2.7	21.6	24.3	10.5	6.1	1	9.7	8.4	16.6	23.4	10.8	21.6	6.4
3.7	2.1	3.2	2.6	17.4	4	6	2.6	4.5	15.1	5	14.9	1.8	1.7	17.5	12.2	2.1	3	4	1.8	13.6
458.6	245.9	383.3	328.6	306.7	294.6	498	258.9	341.8	326	350.2	257.1	587.7	363	341.3	335.4	243.9	300	492.2	431.1	398.2
68.8	49.3	14.5	66.8	136.5	58.2	40.8	15.3	60.7	54.1	9.4	110.6	25	14.7	37.1	14.5	160.3	65.9	56.1	18.2	51.9
6.8	3.2	6.1	5.2	4.8	4	3.7	2.3	5.3	5.6	3.3	3.8	1.7	3.8	9.2	1.2	16.4	2.3	4.6	1.2	1.8
40	36.2	76.4	32.1	90.5	44.6	38.8	49	66.8	26.4	42.1	68.9	41.8	59.8	44.9	59.7	168.7	48.1	80.6	83	18.6
11.8	4.8	2	13.6	4.5	17.1	4	14.6	11.4	9.7	4.1	20.5	3.5	6.2	5.9	3.7	45.5	11.9	7.6	28.3	8.1
72.5	64.8	65.5	52.6	77.1	81.3	67.1	65.9	58.8	97.1	85.1	44.2	53	46	78.8	54.3	83.1	85.1	45	71.3	43.3
24.9	9.4	4.1	5.6	7.9	3.7	34.5	31.6	5.5	9.1	6.8	7.5	43.5	5.1	9.8	4.7	14.9	10.1	7.4	11.2	7.9
66.5	58.7	44.4	69.7	37	115	26.7	72	43.6	42.9	57.7	2.4	25.6	47.6	2.1	44	39	83.8	33.3	66.8	31.5
275.5	174.5	161.2	183.3	213	185.6	200.5	147.2	169	206.5	145.7	73.5	195.4	256.6	190.3	145.3	91.1	221.5	71	165.8	94.2
37.1	59.2	44.4	77.8	64.1	78.9	80.5	61.4	86.3	53.6	29.5	49.1	29.9	56.7	40.7	48.6	103.1	98.8	52	38.7	56.8
32.7	6.7	14.3	5.7	9.8	7.7	6.1	8.6	10.3	9.3	10	14.2	8.3	5.4	6.7	7.7	33.7	7.7	8.4	15.6	11.7
11.6	27.6	34.7	26	29.5	26	27.3	10.8	16.2	70.2	25.5	3.7	17.6	26.1	36.1	19.1	46.7	34.6	30.2	19.5	20.4
21.3	8.1	21.8	27.6	36.4	44.9	29	27.3	43.6	42.5	20	35.6	40.8	37.6	18.3	18.8	66.2	22	13.9	5.4	37.9
41	92.9	10.9	58.4	68.5	66.4	53.2	65.4	71.6	94	82.5	65.2	39.9	50.4	73.7	38.8	100.5	60.3	49.9	60.6	58.2
3.5	11	11.4	1.6	3.7	2.6	1.7	1.2	13.4	5	1.2	16.5	1.1	2.7	1.8	5.1	3	4.1	11.1	3.1	8.3
13.6	5.9	2.4	2.9	5.6	1.1	3.9	0.3	3.5	3	6.3	1	7.5	1.3	6.8	5.1	2.7	2	2.4	2.5	0.5
826.9	695.5	679	611.1	510.8	547.6	598.5	635.3	484.7	536.4	663.4	804.7	710.6	660.8	617.9	600.6	202.3	439	1147.9	464.6	754
10.8	19.7	9.8	6.5	36.6	7.8	4.5	9.7	26.5	7.5	5.1	50.6	7.2	9.1	7.6	7.3	74.8	18.6	8.5	13.4	29.3
5.6	22.9	24.4	8.2	28.2	11.5	10.6	16.8	26	28.6	3.8	38.8	8.9	7	11.3	12.5	35.2	10.3	6.7	12.8	15.3
10.2	36.4	33.3	14.2	17.2	40.3	30.7	39.9	55.2	14	8.6	21	9.9	16	9.4	21.9	56.6	31.3	14.5	47.3	14.5
2.6	10.2	8.4	2.6	4.4	10	2.1	8.6	5.2	13.5	3.6	3.5	3.5	2.3	3.3	0.9	5.9	2.2	5.5	3.4	12
9.2	34.1	21.5	27.4	13.3	11.5	6	49.2	2.4	4	12.9	8.2	4.8	5.7	4.4	6.2	14.1	14.4	14.9	8.2	151.1
12.1	8	1.7	3.6	6	1.9	5.6	2.1	2.7	7.8	4.2	2	1.7	10.7	10.9	7.1	3.1	5.7	1.8	29.5	1.8
56.9	10.8	31.3	34.2	12.5	7.3	19.4	37	12.4	13.3	56.9	12.8	53.8	10.1	24.5	22.3	5.2	6.9	11.6	49.4	12.2
17.6	35.3	34.7	14.9	38.5	24.7	19.6	28.4	6.5	50.9	6.7	107.7	4.7	16.3	9.7	17.1	96.3	20.7	70.5	15.4	31.3
10.6	5.2	7.4	3.5	9.2	4.6	3.1	5.7	4	8.6	10.9	8.9	5.8	5	6.1	4.1	15.8	7	15.3	7.7	7.1
39.4	31.8	25.9	22.5	33.5	42.5	33.8	13.4	34.5	34.8	25.5	37.2	22.3	27.9	28.6	35.2	9.3	28.9	21.2	50.4	27.3
29.8	12.3	11.5	21.7	2	17.3	18.9	13.6	11.5	1.3	12.5	18.5	8.8	13.7	18.9	14.3	12	13.5	18.5	31.8	21.8
20.7	12.8	12.7	12.3	13.3	11.3	8.4	13.7	9.1	11.4	24.8	16.4	10.3	30.7	20.8	10.5	22.8	24.2	9.1	12.5	15.4
40.5	25.3	26.5	24.6	35.1	29.2	26.1	20.8	45.5	36.6	14.1	23.3	32	29.6	18.1	30.2	31.1	31.2	38.5	30.5	62.9
84.7	56.1	89.2	40	54.2	44.7	37.7	62.2	52.7	18.7	38.3	44.4	51.9	61.2	43.2	57.2	15.4	32.3	38.1	19.8	83.3
57.8	31	23	40.3	54.5	36.6	28.9	40.5	41.8	39.7	38	33.7	31.7	38.9	30.3	26.3	26.4	59.9	32.9	58.8	31.1
4.5	1.7	1.6	1.7	5.6	9.7	0.5	0.7	2.6	2.3	0.6	1.3	1.1	0.7	1.7	1.5	4.9	12.6	1.9	4.1	2.4
543.6	611.2	528.1	511.9	723.1	1073.8	1125.4	559.9	778	1116.3	910.4	369.3	726.3	822	851.8	986	573.6	1185.6	417.2	748.6	233.8
6.8	12.1	14.2	11.8	21.7	10.3	30.7	14.8	24.9	17.4	10.6	13.3	57.6	40.3	44	10.9	12.4	37.2	15.5	31.4	25.9
98.9	60.2	59.6	78.9	159	44.1	34.1	77.3	10.5	79.7	80	9.7	76.6	87.4	16.2	32.8	16.9	47.4	21.2	140.7	8.2
421.8	410.7	449	444.6	651.6	322.6	229.6	424.9	312.7	440.7	395.7	926.1	403.1	367.4	475.7	369.6	1120.1	415.8	546.7	443.9	439.7
221.8	192.7	175.1	175.6	291.8	104.6	103.5	140.3	115.9	235.4	163.3	163	175.3	240.6	138.5	119.7	202.7	158.9	132.8	327.8	85.5
45	26.9	31	28.5	57.3	6.4	14.7	43.1	30.7	7.9	7.6	31.9	23.3	24.4	38.3	41.1	24.3	12.9	14.7	76.3	7.9
16	16.5	17	11.6	17.2	26	21.5	11.1	15.7	32.4	21.7	8.8	19.6	21.3	15.8	13	37.9	30.8	16.8	12	19
53.1	50.5	53.9	55.4	51.8	21.5	24.1	32.7	11.3	13.1	9.2	87.3	33.3	10.3	38.7	56.9	55	63.9	61.1	75.7	26.3
29.2	74.4	41.9	29.3	62.1	31.7	33.5	60.2	49.7	41.6	42.2	93.3	40.6	69	68.7	35.6	28.5	51.5	11	99.2	8.4
44.4	140	68.7	56.8	70.4	61.6	43.2	111.6	41.6	52.2	35.6	207	42.7	159.9	122.2	78.9	25.2	51.1	56.5	129.2	38
38.2	16.5	20.9	25.1	34	7	57.1	32.4	16.4	38	1.2	11.2	17	42.2	34.6	26	40.3	46.3	28.6	41.2	20.7
9	3.7	3.9	4.9	5.4	2.9	17.7	5.5	5.9	7.3	3.6	1.9	3.5	24.1	9.6	3.9	5.9	28.4	4.7	26.5	3.2
118.3	136	107.5	148.2	155.3	152.8	192.4	191.8	110.1	137.1	154.6	97.5	150.7	123.8	154.7	105.8	155.1	165.6	134.9	88.4	174.5
21.7	14.1	5.4	13.4	20.1	34.1	11.7	5	64.4	34.2	15.8	15.4	5.7	1.2	4.7	15.9	39.3	3.4	55.5	29.6	15.7
58.9	13.3	4.2	9.5	20	7.1	4.9	34	3	27	18	8.6	15.6	21.2	7.5	19.2	16.2	2.7	17.6	7.9	8.1
39.9	18.8	40.7	50.7	45.2	40.1	69.7	29.5	182.3	81.9	50.3	97.5	30.8	19	35.2	31.8	48.4	17.1	135.7	70.3	30.4
21.8	29.5	24.2	25.5	33.6	31.9	38.2	26.4	27.2	15.1	14.7	14.3	20.8	20.7	40.9	28.3	27.7	29.9	20.3	9.9	26.4
24.8	5.5	26.4	11.8	15.3	12.7	12.5	12.8	23.7	24.7	12.7	37.9	11.4	17	25.2	15.3	19.9	24.3	30.8	14.9	32
15.2	13.2	15.1	9.5	14.8	9.8	7	42.6	63.1	11.6	14.1	29.7	15.9	12.1	17	9.6	34.8	19.2	23.8	23.2	20
1.8	2.9	15.9	3	7	1.8	1.1	1.8	4	11.6	3.1	9.5	1.7	7.5	5.8	16.3	12.1	1.5	9	22	12.7
2479.4	2372.4	2335.7	1505.9	2164.3	1696.6	2531.7	2383	1434.6	1979.4	2427.6	1951.5	2382.4	1816.3	2267.7	2069.3	1644	1937.4	1170.8	2167.1	1363.6
10.9	11.4	29.3	8.9	72	9.2	20.4	7	8.7	33.3	9.2	109.1	27.6	22.4	40.4	20.2	118.4	44.9	13.8	17.7	16
48.8	5	41.7	47.4	19	42.3	29.7	32.7	45	27.2	48	264.9	42.4	25.5	42.8	30.5	16.1	35.6	152.2	7.5	7
88.4	76.1	90.3	120.7	61.9	161.4	124.4	119.6	98.8	76.1	79.2	81.9	114	87.5	87.3	85.3	73.4	137	71.8	36.6	28.6
5.8	30.9	32.7	16.4	24.7	26.1	7.6	23.7	9.7	51.3	17.6	31.6	9	26	11	39.5	59.6	29.6	37.8	38.7	5.4
3.2	18.8	5	12	7.7	18.9	12.6	9.1	16.7	4.6	5.3	20.6	2.9	3	7.5	7.7	23.2	24.6	17.2	35.6	7.1
72.5	39.1	45.8	30.7	55.9	39.1	24.9	57.4	6.8	69.2	65.5	47.7	49.1	37.4	49.1	27.1	107.9	59	71.2	64.7	61.1
1027.9	1164.7	1450	1228.8	683.4	1179.7	1619.3	1276.9	1196.5	893.4	1435.8	827.4	1182	953.3	1111.1	1151.5	457.3	1243.3	1223.9	831	1600
53.1	128.1	69.2	97.1	105.5	50.8	53.9	181.8	55.3	12.5	102.8	110.5	67.7	120.7	97.2	71.5	19.5	73	28.7	79.4	137.7
244.3	309.6	250.7	289.3	199	321.1	333.8	323.5	398	394.7	363.8	207.7	288.8	335.4	207.7	328	194.3	287.5	234.9	322.8	457
190.9	195.4	209.5	161.3	228.4	51.3	43.5	163.2	81.1	140.8	141.9	171	177.4	204	229.1	166.8	159.3	89.5	135.4	282	97.1
27.1	22.4	20	22.8	48.4	32.2	26.7	24.7	5.3	13.1	22.1	21.1	26	22.7	17.7	17.7	51	21.5	31.1	23.2	20.2
9.9	11.7	9	8.6	12	11.3	9.7	17	13.8	11.2	4.4	27.2	30	8.5	11.8	10.6	25.4	10.6	9.5	14.6	29.7
5.1	5.3	5.6	2.9	7.1	2.7	2.8	9.4	6.7	4.4	10.2	7.2	6.5	1.9	4.4	2.9	10.9	3.1	4.8	3.6	5.6
258	181.9	169	218.7	165.8	226	204.7	200	169.1	299.8	173.5	115.4	185.6	263.2	158.7	234.7	115.4	264.6	121.4	146.1	146
5.8	29.1	17.1	13.4	24.2	22.4	28.1	11.1	19.9	3.6	28.8	25.2	12	10.5	13.1	14	33.1	6.8	15.7	37.6	1.5
45.5	51.4	39.9	68.8	49.1	69.2	56.7	52.2	58.7	36.3	34.4	30.4	36.7	50.8	54	59.1	69.3	44.2	45.3	29.5	86.9
38.7	60.8	15.8	13	22.7	19.1	19.8	26.3	62.7	50.7	46.5	102.5	11.4	16.3	17.9	27.4	35.9	49.1	128.6	40.3	65.5
354.7	173.3	164.2	400.3	356.6	247.8	277.8	304.1	333.4	273.9	306	129.3	220	297.9	213	186.6	542.4	398.2	213.9	173.3	139.8
30	18.6	38	22.4	29.4	19.5	38.8	25.4	18.5	7.1	28.4	44.3	39.4	28.7	22.4	24.7	8.9	27.7	35.9	44.1	29.5
71.2	83	62.8	69.7	98.3	75	40.9	83.1	94	75.8	69.9	142.5	49.1	50.3	43.4	74.8	212.7	77.6	95.4	101	80.4
19.1	26.9	14.1	20.6	28.1	2.6	10.6	18.4	38.1	18.5	21.1	59.2	16.2	18.3	24.3	17.3	16	21.8	37.1	10.1	42.7
13.2	15.1	18.7	10.8	8.7	17.3	1.8	2.8	6.2	6.7	4.5	38.9	4.8	8.4	5.9	4.4	12.1	16.3	17.4	9.5	39.3
65.7	84.9	67.4	60.5	85.2	35.9	35.5	92.4	20.9	92.2	54.8	73.8	64.6	69.3	42.2	55.8	25	12.3	108.7	79.8	84.4
25.2	18.6	10.6	19	17.1	21.3	25.3	24.7	30.5	18.7	5.6	23.1	14.9	24.7	25.9	31.5	27.6	21.6	20.8	14.2	9.7
125.5	117.3	67.8	86.2	165.6	115.3	65.2	154.2	122.5	186.9	89	192.3	55.9	83	151.4	138.5	195.8	127	110.4	169.5	115.9
3.8	13	4.5	2	2.7	1.6	1.2	2.2	5.9	4.2	1.7	2.9	2.1	1.8	6	3.4	11	9	4.7	6.4	8.6
15.1	2.9	17.6	29.5	13.1	11.9	23.1	34.1	16	19.3	30.5	27.7	17.8	34.3	6.1	16.7	21.9	7.6	49.6	42.8	9.7
5.9	1.8	3.9	4.2	8	5.4	3.2	12.5	2	19.3	9.1	19.3	1.4	2	1.1	6.4	1.5	1.5	6	12.1	14.4
47.9	12.6	48.8	19.7	54.5	23.4	15.7	23.3	65.2	75.3	29.7	90.9	13.8	6.1	44.1	29.7	63.3	45.5	56.4	70.2	33.4
19.6	6.4	6.6	12.9	21.3	20.1	6.9	8.3	17.5	14.6	19.7	12.1	13.2	11.2	4.4	20.2	30.4	14	12.3	2.4	9.5
21.1	16.5	20.8	10.4	16.3	18.6	20.6	10.7	20.4	3.1	12.7	26.1	17.1	18	13.4	10.3	27.8	17.1	16.7	27.3	31.6
28.5	30.4	18.8	8.2	5.5	5.5	3.9	12	5.6	12.3	25.7	9.5	5	11.1	16.4	4.2	27.5	12.3	8.4	28.9	26
44.4	6.5	31.3	128.5	20.4	62.1	41.1	20.9	53.1	9	164.8	11.3	27.9	14.4	43.4	34	15.7	16.2	54.4	22.5	19.3
558.6	713.4	625.9	548.5	748.5	909.7	711.2	813.8	662.1	945	862	720.7	650.4	828.6	994.1	553.3	611.4	1041.8	681.5	882.8	513.3
28.8	28.3	17.3	37.3	19.9	30.5	25.8	30.2	24.8	32.5	27.5	31.9	21	15.5	37.8	30.6	37	33.6	36	24.4	34.2
1.1	5.6	0.5	1.9	5.4	1.1	0.4	0.9	9.9	12.3	0.9	12.2	0.5	0.7	3	0.5	1.2	10.2	0.7	1.1	1.7
79	128.9	103.5	80.6	120.3	78.3	40.3	82.2	87.8	56.8	97.3	133.2	69.9	98.4	83.1	40.4	247.7	93.8	254.7	78.9	121.1
405.1	464.4	572.2	466.9	408.6	234.2	314.8	413.3	251.8	244.6	295.5	309.8	414.6	398	431.4	381.6	394.2	426.6	249.3	351.4	304.2
602.1	278.9	122.5	252.3	81.9	66.2	87.8	188.3	43.8	63	76.9	83.8	189.3	218.6	178.6	169.7	19.5	79.8	63.2	62.9	72.7
36	92.6	122.8	79.6	117.9	83.3	48.8	114.3	58.9	132.5	67.5	78	65.9	63	90.6	46.6	91.9	47.8	141.7	97.7	108.1
95.6	89.7	97.2	63.9	85	56.8	43.7	96.1	66.5	64.6	101.7	79.7	109.9	89.7	102.1	94.7	34.6	68.1	178	103.4	167.5
22.8	22.4	14.3	14.5	16.4	22.3	19	17.5	1.8	29.5	20.1	31.3	16.5	22.3	2.3	15.3	46.9	10.4	18.8	16.3	17.7
18.9	20.9	18.5	11.8	46.1	10.9	21.7	16.8	21.5	47.8	30.7	23.6	29.3	14	11.5	17.1	26.8	12.2	95.4	55.5	19.2
10.5	12.6	15.4	8.8	21.5	13.6	15	27.9	60.4	71.4	53.5	66	34.6	31	23.6	37.2	102.1	16.5	10.4	45.5	23.6
3.4	10.4	2	1	2.1	2.2	0.8	6.3	0.8	5.2	3.4	7.4	1.7	1.4	3.2	2.2	4.9	13.2	3.6	4.3	2.8
29.2	52	52.9	40.3	73.6	50.7	36.7	56.9	66.4	41.9	74.6	42.1	24.1	56	57.6	67.3	44.1	58.1	40.1	21.2	13.1
106	146	152.3	98.6	159.1	100.3	111.1	114.6	92.4	115.2	96.9	240	145.3	99.3	144.3	117.2	319.2	155.1	145.9	160.3	149.3
1.2	13.1	5.8	4	12.7	1.3	2.1	16.8	15	4.3	3.8	12.1	3.8	19.5	11.2	15.1	5.2	4.3	6.7	2.6	7.4
33.3	60.7	62	32.9	58.8	16	5.2	40.6	6.7	13.1	9.1	55.3	50.2	31	67.9	45.4	49.6	9	57	13.6	8.7
0.9	7	5.5	2.9	2.7	8.2	6.4	2.1	2.9	1.6	1.3	5	2	1.6	10.4	9	7.7	2.3	4.4	9.1	1.8
75.8	46.1	45.2	69.2	88	96.6	60.9	47.4	52.1	83.7	54	54.9	37.1	67.5	80	65.8	73.1	75.1	39.4	88.7	60.6
1.6	19.8	9.4	8	6.4	11.3	22.8	12.7	11.6	1.4	34.1	9.7	12.1	2.8	18.6	4.2	21.4	13.7	8.3	16.8	4.3
12	1.9	4.5	1.1	1	2.8	9.1	0.4	2.5	16.9	1.9	2.4	1.1	4.1	1.7	0.7	4	2	2	12	4.3
582.7	686	591.3	528.3	464.5	733.1	702.7	732.9	767.8	568.2	513.5	245.9	813.5	700.7	521.6	622.3	375.1	789.2	285.2	399	485.9
12283.1	8427.3	11576.4	8236.3	10226.7	9297	6623.3	13206.1	14856.4	22455.6	24571.8	14619.7	11570.2	11831.6	9701.4	6557.3	13441.8	10739.7	16926.6	13262.2	12812.8
124.7	101.7	60.5	97.8	158.9	81.5	55	92.6	117.2	70.8	80.4	245.2	59.9	67.2	98.1	89.3	244	101.5	146.6	104.7	134.7
11.2	27.7	22	10.4	5.1	16.7	39.4	15.2	13.7	45.9	16.1	31.4	6	16.9	6.5	11.7	22.2	15.3	15.6	2.8	25.1
10.6	15.9	14.6	15.1	13.7	9	7	48.4	13.2	15.7	11.6	21.8	9.7	8.3	33.1	12.1	32.1	35.1	17	15.5	14.8
63.9	38.2	55.8	30	77.7	20.9	28.5	57.1	56.4	62.7	61	127.8	52.4	34.2	53.9	45.5	106.2	72.8	41.4	25.1	48
175.6	147.5	98.6	249.2	64.4	67.6	105.6	191.7	61.7	46.2	98.2	2391.2	146.4	137.4	117.9	129.5	29.8	54.5	148.4	123.4	169.8
17	4.1	3.4	4.9	6.2	2.7	3.3	4.8	2.2	7.9	5.7	3.4	4.6	12.2	5	4.4	12.9	23.1	2.4	4.1	6.7
221	170.6	262.2	209.4	185.9	165.6	244.7	219.5	243.5	726	289.3	175.1	203	174.5	233.7	328.5	133.2	164.1	330.8	356.2	397.2
366.8	402.6	359.7	525.4	388	438.2	639.7	400.9	390.1	255	231.9	173.2	258.1	505	304.3	442.8	174.2	361.6	157.4	217.7	832.8
66.2	31.9	40.6	61.2	61.3	31.2	34.3	41.8	23.9	23.1	25.6	113.7	49.9	78.4	68.4	15.1	107.6	84.6	144.7	56.4	45.9
3.5	2.7	2.2	2.5	5	20.4	2.3	2.9	34.5	4.7	6.6	8.3	3.2	2.8	3.8	2	8.3	5.4	8.6	7.9	7.4
7.3	1.1	6.4	1.9	2.4	1.3	8	2.3	3.2	2.2	1.4	3.6	1	1.4	1.9	1.4	5.5	2.4	7.3	2.7	1.7
19.6	10.9	12.9	11.7	25.4	18	8.6	17.7	28.3	2	16.4	10.9	15	14.5	16.4	18.1	1.2	0.8	5.5	30.6	1.2
44.1	33.5	26.9	5.6	26.3	30.9	38.3	17.8	40.6	27.5	10.1	14.8	24.5	23.5	26.9	22.1	48.3	63.8	33.6	7.2	17.7
4.9	12.8	19.9	12.6	13.5	23.3	11.3	8.8	29	43.7	36.4	20.4	16.8	14.8	18	13.2	77.8	19.1	42.4	15.9	17.1
15	100.7	63.5	68.6	24.2	30	27.8	85.6	29.2	20.3	39.8	8.3	17.4	70.1	18.8	29.4	12.8	40.9	28.2	7.2	6.1
12.5	25.5	22.5	14.7	14	19.3	4.4	11.4	25.3	16.7	13.6	30.6	2.5	24.6	18.9	14.9	15.9	4.4	21.4	2.5	18.5
95.4	83.5	63.5	57.5	63.8	56	34.2	38.1	77.2	67.4	39.5	107.8	44.7	18.2	65	60.7	107.2	65.2	39.4	12.3	85.1
115.8	132.9	140.3	167.4	186.6	106	87.7	146.1	134.5	215.6	131.9	170.6	136.8	155.1	173.6	143.6	19.4	66.1	195.5	211.2	137.8
125.4	89.4	108.9	80.9	51.1	97.6	128.7	85.3	95.7	61	70.4	47.2	107.1	71.7	76.5	97.3	34.1	63.1	38.1	79.1	105.4
49.7	57.7	37.7	65.2	31.9	51.2	44.1	54.7	75.6	41.6	52.4	55.4	60.2	54.2	40.8	69	57.7	41.8	72.9	77.4	66.5
529.2	445.5	512.1	430.9	485.5	291.6	355.3	384.7	331.7	327.1	334.1	312.3	551.6	387.9	371.1	384.8	299.4	267.1	391.7	442.2	444.6
9.2	7.8	4	7.1	12.9	6.8	6.5	7.5	10.8	10.1	10.3	20.1	10	10.2	9.9	7.6	14.8	15.1	15.3	11.9	5.4
630.8	401.4	474.7	347.7	416.5	332.3	411.1	451.6	426.8	472.1	337.7	346	573.6	468.6	398.6	236.8	349.3	348.7	357.5	356.1	270.5
705.8	520.1	594.1	524.9	565.6	626.6	691.3	551.3	950.9	1104.4	855.5	359.2	747.9	574.6	501.5	490.9	426	623.2	429.4	472.2	408.2
707	624.5	686.4	524.8	471	545.5	507.9	536	550.2	607.9	536.3	368.4	625.2	569.3	538.9	598.6	382.1	475.3	390.1	708.3	343.1
202.7	133.3	158.4	132.1	124.4	170.4	195.8	142.4	140.8	141.7	124.1	111	164.9	130.6	144.7	124.2	105.7	124	106.1	104.6	96.9
96.6	68	75.9	121.1	77.3	77	153.4	75.7	137.1	83.7	98.9	89.2	138.6	121.5	83.4	95.1	121.8	119.7	106.5	105.8	99.6
6165	4780.8	5415.3	4507.7	5376.1	4781.9	4177.9	4828.4	7393.6	7974.1	7852	3569.3	5813.5	5707.3	4687.1	4311.7	4210.7	5817.7	7693.8	7250.9	5671.4
29.8	51.2	50.9	35.9	57.3	33.9	22.8	44.9	50.4	50.4	47.3	86.4	50.8	24.9	46.5	29.7	113.6	57.8	77.8	53	66.9
23.7	39.6	9.9	10.5	26.6	20.6	20.7	49.6	21.1	23.5	9.9	24.2	19	16.3	36.1	25.7	56.9	23.9	31.3	21.7	31.1
361.4	293.1	234.7	253.1	225.5	228.9	204.7	270.2	115.5	173.9	181.8	112.9	349.9	302.7	298.7	272.3	144.8	107.6	137.6	277.1	80.2
4.4	3	2.7	2.8	3	1.9	1.6	2	5.5	4.6	6.6	5.2	2	0.9	3.1	2.6	23.5	4.1	1.3	17.3	1
69.4	83.7	79.4	81	59.6	88.7	104.3	84	67.6	75.7	82.4	48.7	43.5	78.1	78.5	99.5	58.9	67.9	70.3	90.7	87.5
4.6	17.6	8.2	7.2	28.6	5.2	2.5	5.7	10.3	8.1	24.8	9.1	10	15.6	5.1	15	11.2	4.9	26.5	10.8	8.9
12.1	10.1	9.1	10.3	30.5	9.2	5.5	11.1	15.1	47.7	20.4	29.5	10.7	16.4	36.4	9.1	94.9	24.1	32.5	10.8	32.2
50.6	47.2	26.1	32.1	51.8	30.2	19	34.2	13.2	30.3	5.1	43.8	7.6	22.6	40.6	5.6	45.8	27.8	25.1	22.7	34.6
4157.8	3150.8	3975.5	2990.9	2790.7	3384.3	2914.9	2767.3	4197.6	3277.1	2768.9	4964.5	4283.9	3538.7	2686.8	3235.6	2256.5	3199.1	5022.8	2289.8	6031.1
117.9	100.5	93.6	89.1	110.7	66.4	50.3	70.5	105.4	132	133.1	49.9	55.3	92.8	109.8	104.8	58.5	90	63.9	112.3	70
11.6	8.9	11.5	2.2	17.1	9	10.6	6	7.6	26.4	32.5	16.5	11.2	10.1	4.4	7.6	23.3	9.2	25.4	2.4	7.1
43.5	33.3	22.8	36.8	20.4	24.1	28.4	20.5	55.2	21.4	47.3	74.2	48.1	22.8	38.5	24.1	34.6	30.1	56	52	23.5
129	168.9	70.7	145.4	113.1	169.9	156	181.2	78.6	113.7	45.2	71	92.1	96.1	149.6	156.7	69.9	172.1	76.6	88.2	148.4
52.2	43.5	49.6	24.4	54.7	75.7	31.4	32.5	50.8	64.5	33.2	29.8	35.4	49.5	34.5	45.6	47.8	39.9	32.4	52.9	15.7
42.6	36.3	37.4	56	36.9	52.4	51.5	37.1	37.7	9.9	37.5	62.3	54.7	35.8	47.1	33.7	68.8	55	24.3	32.1	68.7
14.8	50.9	14.1	13.8	24.6	9.1	4.8	99	22.8	68.8	43.4	12.6	41.8	50	62	63.4	10.1	3.6	66.8	16.5	5.9
49.5	49.1	40.9	32.5	11	53	4.9	50.2	58.2	32.2	38.9	122.5	33	39	63.2	57.3	152.2	27.5	22	115.8	77.9
84.6	81.9	73.5	67.5	130.8	49.1	85.8	76.3	52.8	71.7	68.6	204.4	44.5	71.4	91.2	109.1	148.5	64.7	76.5	94.9	99.4
64.6	17.1	9.6	42.3	78.6	21.2	12.8	57.6	37.4	34.2	84.2	14	72.8	37.8	60.3	8.8	12.8	9.6	24.7	66.8	40.8
11.9	13.1	11.6	9	19.2	13.2	14.1	11.6	7.5	15.8	20.1	22.8	10.7	16.1	17.7	10.4	31.1	10.9	60.9	21.5	14.9
9.6	7	8.9	5.4	7.7	3.3	5	5.6	10.5	14.3	9	9.3	4.1	5.7	5.1	4.2	12.7	7.9	10.2	13.5	5.2
811.2	980.1	978.9	854.8	1020.5	1149.9	1586.9	1015.2	1096.3	2570	1378.7	424.5	1030	1241	1535.2	1338.2	750.2	1842.9	483.5	949.6	736.7
11.6	47	31.6	35.7	46.8	5	2.7	42	1.4	12.3	18.3	40.4	39.7	33.6	40.3	30.4	4	8.6	37	69.8	10.2
9.3	10.9	3.5	5.4	2.6	13	11.5	3	2.9	9.1	10.7	13.7	9.2	16.4	16	1.4	24.6	5.1	41.4	7.5	9.2
49.1	51.3	69.5	47.1	108.4	55	31.7	65.6	52	66.3	38.4	205.8	42.1	28.8	57.1	38.8	163.7	76.9	78.3	72.7	57.7
292.5	112.7	85	196.9	175.2	178.6	190.1	125.8	135.6	148.5	166.6	165.5	229.2	135.3	104.9	145.1	186.8	186.3	183.2	184.4	98.6
23.8	6.2	3.5	3.4	7.9	7.9	4.1	6.4	6	4.9	2.2	8	9.4	5.4	4.9	3.9	69.4	24.3	36.6	7.9	8.1
39.1	39.2	76.9	24	48.6	12.7	3	63.6	34.2	35.8	40.6	64.6	44.3	31.3	36.8	24.3	21.3	21.7	148.3	58	48.8
1.8	10.9	7.5	13	12.6	14.5	11	5.3	12	13.1	9.8	16.4	10.9	14.3	16.5	10.6	11.2	8.8	17.7	1	6.8
0.5	3.4	6.8	0.3	3.7	9.1	5.7	4	9.7	2.1	1.7	1	4.5	9.2	9.3	2.4	3	0.6	0.9	12.9	10.8
15.6	4.8	4.2	4.7	9.8	3	3	9.5	6.1	6.7	3	10.7	4	4.3	13.5	15.1	12.3	7.8	9.5	9.8	9.1
7.2	7.9	7.8	10.7	8.5	7.7	3.9	7.7	11.8	40.4	9.1	12.6	20.7	2.6	7.6	12.1	6.2	16.2	41.7	24.1	5.9
36.7	71.4	25.1	18.1	100.8	18.2	8.9	24.6	18.5	103.7	23.7	36.6	16.4	20.2	26.7	15.4	31.5	42.5	65.8	36.3	15
564.9	875	571	1163.6	1125.7	1354	1022.2	890.5	1433.6	1593.2	1835.9	421.7	713.9	1021.3	1212	1153.1	681.4	1061.3	869.4	1135.9	939.4
44.2	11.5	23.8	18.3	15.4	17.3	38.1	36.5	20.6	6.1	15.4	8.4	40.8	28.2	23.8	22.1	7.4	2.3	12.1	39.5	13.3
9.5	8.8	11.6	2.7	2.4	1.2	3.8	2	3.2	5.5	15	5.2	1.8	5.9	6.5	7.1	9.9	1.1	5.3	7	2.9
1.8	17.4	11.4	13.4	6.9	15.8	3	20.1	23.9	10.2	25.8	6.6	13	13.1	17.6	17.9	29.6	21.9	4	6.5	9
16.5	12.7	15.4	5.7	23.1	17.9	9.5	10	14	29.8	10	10.2	11.3	3.5	14.4	12.7	28.2	11.1	34.4	17.1	23.4
47.8	18.6	58.5	23.9	84.3	55.8	8	46.7	54.4	11.2	13.1	99.9	49.2	25.7	44.6	57.3	101.9	61.1	75.9	39.1	42.6
25.1	14.5	50	60	18.1	66	45.5	59.6	63.4	52.9	46.5	103.2	28.9	35.7	11.6	52	25.8	46.3	102.7	15.9	52.7
35.1	52.4	47.8	43.7	65.2	56	64.7	45.6	72.9	45.4	80.1	67.9	44.9	33	55.4	42	189.2	70.1	103.9	65.6	42.3
27.4	19.3	4.3	17.9	22.2	23.1	11.6	7.6	2.4	34.9	14.5	43.5	15.1	8.4	1.3	9.8	40.1	16.8	33.1	32.6	26.8
17.4	17.9	14.4	17.3	20.9	12.6	3.7	9.7	25.7	25.5	14.9	45.3	12.4	8.6	16.4	11.5	68.3	15.1	31.2	29.5	17.4
333.4	217.6	187.8	186.9	164.7	269.2	300.7	200.5	201.8	172.4	241	97.4	251.8	218.7	199.9	275.9	107.9	256	118.6	173.7	115.1
150.4	199.5	156.3	163.9	114.4	152.4	197	150	154.2	363.5	137.8	54.1	162	161.9	237.1	153.6	74	192.4	140.4	154.5	199.2
87.6	67.9	87.4	49.6	109.7	52.5	50.3	27.8	149.2	95.5	107.2	122	102.4	63.4	30.7	60	90.4	50.6	131.8	35.4	59
5.4	3.2	5	3.1	5.6	5.9	9.5	12.7	6.2	7.7	9.9	8.7	11.1	3.4	7.9	7.3	14.5	26.5	7.4	20.6	23.5
25.2	21.5	10.7	33.5	5.6	37.6	12.9	16.8	17.3	30.6	8.1	31.5	26.8	21.6	46.8	30.1	70.3	22.5	26.3	16.8	9.6
18.7	7.3	17.1	5.2	4.2	2	12.7	12.1	28.8	5.4	17.4	15.9	5	21.1	15.2	9.9	12.7	18.5	13.4	22.7	17.6
57.7	44.6	61	46.6	35.2	57.7	70.1	34.2	54.6	91.7	41	14.1	41	41.2	57.5	46	36.4	40.6	45.1	65.6	39.2
68	94.7	92.4	78.4	110.2	50.7	20.7	88.5	61.6	100.5	92.3	59.6	64.7	84.4	108.4	97.8	68.8	39.3	77.7	135.4	63.9
2.3	11.4	11.8	9.5	13.4	17.7	10.3	2.8	12.2	41.5	20	13.5	2	3.2	3.9	17.2	30.7	4.8	4.3	5.1	4.2
0.6	0.8	0.8	1.6	1.7	0.6	3.1	2.2	1.2	3.7	1.4	1.5	0.6	1	1.2	1.6	3.3	1.8	8	0.9	2.8
177.5	104.7	98.9	197.2	130.5	166.9	128.3	84.3	76	88.4	166.5	93.6	117.5	93.5	57.8	106.2	114.3	112.8	125	90.8	30.2
3572.4	2796.5	4106	2915.6	3743.7	2889	2523.7	3817.5	4897.6	3657.6	6721.2	6351.8	4001.5	4050.3	2908.9	3000	3979.1	3401.4	5007.5	3263.9	7542.7
5669.7	4840.5	6379	4511.5	4521	4705.9	4743.5	4992.7	6186.4	4445.4	8682.6	7945.3	5392.8	4109.8	4614.7	4532.6	3838.2	4911.1	4674.9	5379.4	5898.3
23.3	1.5	11.9	9.3	6.8	3.7	2.2	10.3	16.8	2.4	16.7	3.7	1.5	2.1	2.9	7.1	5.7	2.4	11	17.2	12.4
19.8	9	6.7	147.4	12.6	5.5	75	5	9.2	6	63.4	760.9	3.1	5.5	8.1	3.3	21.5	13.2	805.5	13.8	13.6
72.1	68.9	32.8	32.5	23.3	25	59	61.6	50.3	25	111.9	67.5	49.1	55.8	57.9	77.8	71.9	39.2	94.8	88.2	23.4
147.1	118.4	68	168.6	79.4	162	118.7	104.9	129.5	116.5	222	183.6	89.1	56.1	127.4	90	164.3	124.5	137.1	204.4	108.7
43.5	33.4	46.9	34	17.2	31.2	9.2	52.8	39.4	24.7	48.5	78	26.1	37.4	16.9	10.6	49.2	24.1	25.2	31.9	48.6
33.5	15.8	26.5	18	16.8	25.9	13.8	15.2	16.6	5.9	13.5	69.2	17.7	12.4	12.9	10.9	87.4	15.2	26.9	23.9	3.4
331	457.3	650.7	367.4	850.4	374.7	494.6	525.8	514	225.3	338.2	235	557.4	491.5	581.5	362.1	768.8	669.9	358.2	455.9	800.3
289.9	341.9	335.5	330	712.2	351.2	276.4	430.3	277.7	307.9	404.7	318.3	374.5	389.2	495.9	315.4	340.7	313	338.4	462.3	378
71.5	22.6	96.9	54.1	63.8	52.9	69.4	53.2	38	55.2	41.3	60.1	93.2	95	18.1	51.4	14.9	40.8	127.5	25.9	26.1
8.4	71.8	83.7	119.1	113.4	119.5	82.9	88.5	49	38	76.5	49.2	103.3	101.6	125.5	147.1	93.4	101.3	86.5	26.4	142.2
129.6	198.2	147.6	245.7	114.1	252.8	182.3	144.4	324	257.8	154.7	94.6	166.4	159.1	170.2	153.8	210	233.4	130	188.2	172.7
128.7	145.7	125.1	178.6	158.6	200.3	221.1	150.4	191.2	263.3	221.5	143.2	125.5	189.5	191.1	117.5	192.5	214.7	103.7	206.8	113.9
9.3	5.7	23.4	18.4	8.6	12.7	6.2	18.6	29	40.1	10.7	14.5	17	28.5	29.3	10.6	49.3	36.9	41.6	9.8	29.3
12	12.1	25.6	14	18.6	8	23.3	6.2	11.8	16.5	9.2	47.5	5.8	10.4	7.8	9.6	46.2	14	73.7	12.9	56.4
18.1	6.8	18.2	14.6	19.5	18	13.3	1.9	13.5	21.1	8.2	34	8.3	3	9.2	11	61.4	17.5	21.8	45.9	17.7
1.2	3.1	5.4	2	4.5	2.9	11.4	2.3	3.5	6.5	6.2	8.6	3	2	3.1	3.3	6.7	5.8	2.7	6	4.4
292.7	184	172.4	229.1	88.6	248.8	219.3	205.3	117.2	115.4	142	37.8	224.2	196.4	177	134.7	102.9	207.5	57.3	168.2	59.1
220.8	215.2	209.9	217.4	237.9	288.8	161.5	233.5	209.4	203.9	189.1	173.6	251.9	257.9	237.5	217.4	186.2	273.5	123	208	134.2
1.7	0.8	2.7	6.4	12.8	1	0.4	1.3	20.5	5.6	0.8	1.9	0.9	0.6	2	2.7	1.9	11.6	3.6	18.4	2.2
412.8	20.1	202	363.2	125.3	705.7	267.9	307.3	128.5	336.8	248.1	237.5	32.3	267.1	121.5	680.9	124.4	302	298.4	75.9	253.2
55.3	44.7	45.5	55.9	70	39.5	57.1	50	51.7	61.1	56	139	39.9	42.4	32	30.5	107.2	64.5	50.1	67.7	62.4
3.7	3.9	5.4	3.8	3.8	4.2	2.6	2.3	7.5	8.9	6.5	8	4	3.4	2.2	2.3	9	4	4.3	3.6	6.7
12.2	1	0.8	5	10.4	10.8	6.1	2.9	35.3	13.5	1.4	20.1	1.5	4	12.2	0.8	4.3	1.7	17.6	13.3	2.3
8.6	21.8	10.7	44	49.4	31.1	31.8	10.7	26.2	55.7	49.6	36.7	47.8	30.3	8.4	44.2	150.4	57	68.8	15.7	64.7
539.5	714.7	778.5	592.4	671.4	658.3	588.9	911	661.4	951.4	845.9	702.3	717.7	709.5	806.5	665	531.9	690.3	567.2	698	557.6
24	21.6	25.7	19.6	25.5	19.7	24.2	8.5	16.8	14.2	20.4	64.5	15.5	20.4	39.6	14.9	77.7	20.9	37	13.2	22.6
15	23	8.5	9.5	14	19.1	7.4	8.7	66.4	14.2	9.8	37.7	7.3	6.6	10.8	4.3	32.4	23.3	17.1	15.9	18.9
656.6	825.6	577.5	505.4	844.4	484.6	413.8	811.8	572.1	712.5	591.3	794.6	529.7	594.5	660.4	505.3	642.5	559.5	771.8	761.9	394.8
3.9	7.4	16	10.9	17.5	24.8	1.8	22.2	23.4	4.9	2.8	13.4	9.5	0.9	2.3	11.7	25.5	19.4	7.1	3.6	2.8
1153.5	1099.2	1161.5	1307.8	1217.4	1056.6	1936	1244	860.8	1234.8	1020.7	1290.5	1845.3	803.2	1022.5	1295.9	1104	1582.7	878	764.9	1703.7
566	627.4	468.3	606.2	436	359.6	267.7	725.7	395	347.3	634	202.4	583.6	477.8	231.7	288.2	289.7	462	299.6	427.9	793
5.6	3.1	22.5	11	3.7	6	2.2	0.9	17.6	2.7	16.6	4.9	3.3	2.7	0.5	3.2	10.1	3.1	4.8	18.6	4
90.8	165.9	137	119.4	102	53	53.7	161.1	100.9	77.8	155.3	82.4	100.8	132.5	145.5	84.3	14.1	45.4	101.6	146.8	86.2
364.2	540.9	454.8	446.8	377.5	469.1	405.5	509.5	503.6	468.6	623.2	367.4	380.6	498	435.7	313.4	305.6	403	508.1	554.9	405.3
361.6	342	454.1	370.7	307	431.4	524.8	345.1	404.1	292.3	362.2	347.6	382.5	399.4	303.4	283.8	191.9	406.3	261.1	249	245.7
14.3	3.3	9.9	3.3	18.8	11.1	1.5	1.8	4.6	7.8	4.5	6.6	10.8	4.9	5.9	15.3	22	4.2	38	8.8	10.9
26.8	42.5	38.4	9.2	46.7	45.3	6.4	32.9	27.7	24.6	9.2	73.1	33.9	32.3	48.2	40.3	75.9	11.6	9.6	29.5	40.7
43.8	25.7	55.7	18.3	24.5	18.6	16.8	8.5	30.4	11.4	39.1	66.3	10.5	24.7	20.1	43	83.3	34.5	23.3	22	19.6
923.2	1239.8	1354.8	1002.8	1263.3	1347.8	1950.6	1166.4	2039.3	1798.4	1247.4	629.7	1388.3	1656	1210.4	1016.2	1105.6	1537.9	1085.7	1247.4	1518.6
1300.3	320.4	391.3	2359	407.4	673.7	758.5	273.9	701.9	245.7	1347.5	930.2	722.5	259.3	596.4	486.3	441.3	317.4	1404.6	390.6	417.3
39.3	5.6	0.4	66.7	12.3	19.3	32.8	11.9	17.2	13	45.5	9.7	15.6	3.5	8.8	9.7	2.2	1.4	38.6	12.3	19.1
399.3	63.1	91.8	804.1	64.1	234.7	313.1	53.1	284.4	52.2	532.7	234.2	216.8	40.1	218.9	213.1	101.8	93.8	439.8	135.5	89.8
18.8	29.5	39.4	19.2	53.4	35.4	22.4	36.8	34.6	30.4	46.5	67.9	26.8	20.1	23	8.5	82.3	38.3	5.9	18.2	39.9
22.2	25	28.6	27.2	19.6	16.9	30.4	23.6	25.4	22.9	15.2	55.5	17.9	7.8	21	3.7	71.5	27.3	35.7	18.9	30.3
22.6	2.8	11.2	2.8	9.1	5.9	14	12.8	13.4	3.3	20.4	7.4	8.5	8	8.5	16	21.2	24.9	2.9	34.1	8.8
108.4	138.8	193.5	132.3	150.9	126	122	133.4	72	172.3	98.8	173.7	96.6	92.7	127.5	101.7	124	103.2	149.6	142.4	159.1
228	334.7	275.7	295	197.5	443	462.5	206.8	327.9	240.8	171.5	202.1	264.1	310.8	302.9	316.4	162.3	316.1	207.1	194.6	311.7
6.1	2.8	2.8	2.6	14	3.7	4.8	3.9	23.1	22.4	5.6	9.4	2.7	1.5	10.1	2.8	15.2	6.8	7	16.2	8.2
55.3	34	61.2	31.6	41	44.1	27	46.6	41.3	66.4	65.7	128.1	47.9	44.7	53.8	14.6	150.7	44.7	96.1	63	93.7
4.9	3.9	2.7	1.8	5.2	2.9	2.6	3.1	3.6	5.2	6.3	4.4	2.7	2.4	3.2	5.3	14.2	5.5	4	4.5	7.6
1.3	1.5	1.2	1	1.6	1.7	1.2	2	6.3	1.3	4.1	1.3	1.8	1	0.9	0.5	5.9	1	4.2	2.1	1.3
3.1	2.5	4	2.6	4.6	2.9	2.3	2.9	5.9	1.9	2.7	9.7	2.3	1.1	3.6	13.2	7.6	2.1	2.8	7.7	3.6
211.5	258.8	254.6	226.1	331.2	180	143.5	190.1	221.8	277.4	291.9	426.6	214.3	245.4	304.8	223.2	466.7	195.2	316.2	279.7	253.7
4.6	4.9	2.2	8.2	3.9	1.5	7.1	3.2	14.6	4	3.6	28.2	0.9	13.1	1.4	15.6	7.9	23.9	21.4	7	3.5
2	8	8.6	0.5	8.2	9.1	8.3	2.2	7	14.1	12.7	4.9	1.6	1.9	1	7.6	3.3	1.3	1.2	0.9	8.6
6.8	4.6	5.6	4.5	5.9	3.6	3.7	4.5	4.9	4.5	3.4	14.1	3	3.9	4.7	3.3	8.5	4.2	5.6	7.6	4.1
91.4	88.7	86	62.5	71.3	63	37.2	84.5	106.3	27.1	30.4	172.2	54.7	50.1	72.9	78.1	168.1	57.2	99.4	37.2	83.1
11.9	64.9	57	33.4	37.3	27.7	8.7	37.5	7.8	48.4	43.9	40.4	29.6	48.6	58.9	36.6	34.9	8.6	60.6	49.3	46.3
3293.8	2989.2	3101.2	2841.3	2812.9	3146.7	2897.7	3312.5	3088.4	4146.3	2693.9	2728.9	2872.7	3315.7	3251.4	2948.6	2670.7	3550.6	2297	2439	3169.8
0.6	8.3	9.9	1.2	1.8	3.6	8.4	2.6	18.7	1.2	9.9	1.4	0.4	0.4	11.6	1.8	11.8	1.7	5.1	1.4	1
22.2	15.5	36	17.4	18.7	10.9	18.4	17.8	36.4	13.9	18.4	46.8	9	15.5	38.6	17.2	45.5	17.2	22.3	15.9	23.3
107.9	100.9	105.5	130.9	116	149.4	106.5	88.4	96.7	90.3	110.4	67.1	125.1	185.8	111.9	99	67.3	81.9	25.9	75.5	42.1
1333.3	1440.1	1623.4	1284.2	1147.4	896.9	1204.2	1422.3	674.2	1567.6	695.2	953.2	1532	1049.9	1228.4	1168.9	970.4	1530.6	934.1	876.9	2181.1
2.5	1.5	3.6	0.6	3	3	1.5	1.7	2.1	7.9	1.2	2.4	4.2	1	3.1	1.2	3.3	2.5	5.9	1.1	3.3
262.7	378.2	335.6	328.1	418.1	470.6	367.7	298.5	308.6	535.5	340.6	355.2	271.1	371	262.2	292.1	378.7	294.3	249.8	405.7	176.7
66.7	91.7	114.1	74.5	85.8	120	80.8	57.2	116	123.5	104.5	51.5	73.4	121	74.2	88.1	85	105.6	127.6	70.6	117.8
4.9	5	3.8	2.3	13.6	5.2	2.2	2.2	3.5	7.2	4.3	4.1	2.5	2.9	3.2	3.7	11.1	4.6	3.2	22.9	5.6
23.9	11.9	23.9	54.5	38.6	52.6	48.5	38.1	31.7	5.5	30.1	5	31.7	46.2	30.7	29	40.9	40.6	40.9	6.6	31.4
20.6	3.2	2	3.4	4.1	8.2	3.1	6.4	2.3	1.6	8	3.2	6	5.9	1.8	3.9	13.8	5.5	3.7	8.4	5.2
17.4	17.8	32.5	17.9	27.9	16.3	31.1	19.2	31.2	42.3	30.2	34	6.7	24	31.5	27.1	55.8	20	26.7	36.4	34.5
141.8	112.4	121.1	83.4	164.3	63.1	169	162.1	153.8	138.3	225.1	313.3	155.1	100.7	121.2	92.1	180	72.4	232.2	249.2	195.5
26	24.7	61.1	59	69.6	5.4	54.3	18.9	44	95.3	101.5	39.4	62.7	8.9	49	25.6	42.4	50.3	74.4	14.1	50.7
31.9	18.9	20.4	17.8	34.8	32.3	30.2	23.2	41.1	29.3	53.5	40	24.6	13	22.8	26.8	27.9	17.9	29.2	38.2	29.4
2.4	3.8	4.7	0.8	1.2	4.7	2.6	1.9	8.9	3.3	4.9	6.9	3.6	0.8	3.8	6.4	8	20.4	6.6	20.4	12.7
22.2	21	16.8	10.6	24.5	6.1	0.7	9.3	7.9	5.2	20.7	23.4	9.3	5.7	1.1	14.9	13.3	16.1	9.5	40.9	29.2
18.9	6	4.9	5.7	4.4	1.3	3.5	5.2	1.5	2.9	12	17.7	4.4	2.7	12.8	12.9	11	4.2	18	12.3	6.7
12.2	7.6	10.5	12	48.9	26.3	6.8	7.5	8.9	20.8	45.7	42.6	16.1	8	7	14.2	131.8	10.3	17.8	31.7	41.2
91.5	150.9	145.3	115.7	163.4	36.3	30.1	103.1	40.3	71.4	75.9	171.1	228.1	163.1	93.1	123.9	26.2	40.2	63.5	142.4	50.8
36.8	33	22.3	24.3	30.7	32.5	23.5	26	11.4	45.6	31.9	47	9.7	29.7	22.4	29.2	46.3	19.1	24.6	28	29.3
23.8	15.6	13	15.1	10.9	27.4	21.4	17.2	9.2	10.9	13.5	20.5	24.3	17.5	20.2	32.7	60.7	13.7	24.5	24.5	17.7
17	0.6	1.1	12.6	1.4	6.5	10.2	0.9	9.8	1.9	19.8	1.1	7.8	6.5	7.5	10.2	1	0.6	10.7	12	0.4
89.6	101.9	50.2	81.2	111.7	71.2	54.6	63.8	83	95.8	85.9	189.1	80.3	93.8	115.1	79.8	210	91.1	149.7	109.8	141.5
9	6.4	3.8	4.2	5.3	4.7	1.5	6.3	3.5	8.7	5.8	31.3	9.1	2.8	3	4.8	11	2.8	10.3	8	2.9
188.6	156.8	194.6	129.4	167.7	134.4	195.5	159.2	241.6	148.7	239.9	101.1	158.5	132.9	164.7	163.2	161.3	164.1	137.2	184.7	173.3
20.9	19.8	19	16.5	39.8	26	13.8	21.4	33.2	54.6	23.8	83.5	21.1	19.3	14.2	26.1	70.4	23.4	44.6	45.5	30.7
303.5	186.1	188.7	218.4	192	248.6	241.2	140.2	273.2	125.1	146	133.8	249.9	250.6	169.9	197.4	178.6	183.7	120	121.5	132.5
806.6	576.7	752.9	677	553	772.1	913.4	557.9	745.5	679.7	674.6	431.6	873.3	653	707.2	652.9	517.9	748.9	453.8	569	586.6
192.9	176.1	220.7	200.3	163	289.8	272.8	146	222.9	194.5	205.3	130.8	216.6	237.3	167.3	162.2	142.7	220.6	84.9	155.2	124.2
300.9	183.9	262.8	232.3	227.1	279	337.3	212.8	253.5	179.3	260.8	75.6	350.4	270.5	253.6	200.8	116.5	146.5	139.7	177.5	164.5
72.8	27.8	9.4	6	20.4	11.8	30.1	36	30	5.3	32.2	24.6	48	40.9	37.6	41	28.7	8.8	86.2	35.7	22.2
187.3	142.8	155	161.4	167.9	202.1	227.5	168.2	214.5	114.6	161.4	74.6	235.9	170.4	179	134.4	164.8	173.5	128.4	170	158.4
17.7	9.4	0.8	6.9	18.6	12.1	5.9	14.6	21.5	36.7	2.1	22.1	1.1	6.7	11	8	16.1	10.9	9.3	3.9	6.2
85.2	114.6	108.2	143.5	112	162	172	111.5	230.2	101	99.3	86.1	90	170.8	59.6	126.6	127.1	102.8	128.5	94.7	241.8
179.8	165.7	120.2	161.4	133.4	147.9	187.8	159.9	152.4	149.8	125	95.8	146.3	192	148.4	211.8	131	138.8	124.4	119.6	129.2
40.1	47.1	103.8	46.7	89.5	24.9	51.9	37.1	48.8	110.5	102.8	89.5	51.4	8.8	86.4	36.2	104.3	49.9	74.8	61.9	12.5
15.3	23.2	14.7	6.4	2.3	30.2	16.7	11.1	32.9	33.4	8.7	24.9	3.1	21	29.4	12.7	34.6	14.5	4	17.8	16.3
278.9	288.9	306.6	270.5	295.3	436.6	435.3	302.1	364	308.1	263	116.4	172.8	386.4	333.8	246.1	244.2	300.8	188.6	368.1	255.8
174.2	129.2	113.5	167.9	166.6	354.6	240.5	120.1	190.1	206.5	237.2	62.6	165.2	173	151	168.4	142.9	195.6	83.5	132.6	35.5
46.3	33.8	63.6	42	90.4	48.8	21.5	32.2	31.5	52.2	43	127.5	27.4	34.1	45.7	34.6	63.8	67.7	20.7	77.9	89
57.5	26	43.6	81.6	49.5	47.8	34.2	44.7	61.7	19.9	59.5	69.9	38.5	56.5	57	52	63.1	46.1	45.2	42.7	44.5
36	11.9	27.6	34.5	37.2	26	15.5	22.8	17.1	26.2	31.4	69.6	9.7	19	31.1	16.7	81.1	26.5	36.5	12.9	53.9
94.8	72.4	61	109	52.4	63.9	70.1	74.4	80.9	85	60.7	87.1	74.1	61.5	95.3	125.6	107.1	48.9	121.5	66.8	112.9
703.2	383.3	562	896.5	419.4	604.8	1513.7	483.4	659.9	676.2	705.8	3556.8	1867.7	500.9	445.8	622.2	407.8	647.6	1699.7	654.9	461.9
11.5	18	10.1	12.1	17	11.8	10.5	15.4	11.9	11.6	13.7	11.7	58.8	18.3	11.5	16.7	6.6	11.6	13.5	13.4	14.1
504.3	839.3	330.4	683.1	319.1	783.1	591.2	366.1	541.7	262.4	416.6	149.1	250.7	567	346.8	482.4	361.5	566.6	235	380.8	428.5
